1 0.0350566009871
2 0.107981933026
3 0.259035191332
4 0.483941449038
5 0.704130653529
6 0.797884560803
7 0.704130653529
8 0.483941449038
9 0.259035191332
10 0.107981933026
11 0.0350566009871
12 0.00886369682388
13 0.00174536539009
14 0.00026766045153
15 3.19674822138e-05
16 2.97343902947e-06
17 2.15395200851e-07
18 1.21517656996e-08
19 5.33911322953e-10
20 1.82694408167e-11
21 4.86864106606e-13
22 1.01045421671e-14
23 1.63324712633e-16
24 2.05595471433e-18
25 2.01558707886e-20
26 1.53891972534e-22
27 9.15075118104e-25
28 4.23763850702e-27
29 1.52833108232e-29
30 4.29276747133e-32
31 9.39039071595e-35
32 1.5997655514e-37
33 2.12253762783e-40
34 2.19321311878e-43
35 1.76495099492e-46
36 1.10614190997e-49
37 5.39902604918e-53
38 2.05232614558e-56
39 6.07580339758e-60
40 1.40083642686e-63
41 2.51534476576e-67
42 3.51749908519e-71
43 3.83086498334e-75
44 3.24927207355e-79
45 2.14635566814e-83
46 1.10418967243e-87
47 4.42396876042e-92
48 1.38040588403e-96
49 3.35450104571e-101
50 6.34856310565e-106
