 0.000000e+00  0.000000e+00 
 1.000000e-11  6.865692e-07 
 2.000000e-11  1.371768e-06 
 4.000000e-11  2.739430e-06 
 8.000000e-11  5.458409e-06 
 1.600000e-10  1.083163e-05 
 3.200000e-10  2.132421e-05 
 6.400000e-10  4.133333e-05 
 1.280000e-09  7.774089e-05 
 2.280000e-09  1.261464e-04 
 3.280000e-09  1.657509e-04 
 4.280000e-09  1.981546e-04 
 5.280000e-09  2.246667e-04 
 6.280000e-09  2.463584e-04 
 7.280000e-09  2.641062e-04 
 8.280000e-09  2.786271e-04 
 9.280000e-09  2.905078e-04 
 1.028000e-08  3.002285e-04 
 1.128000e-08  3.081817e-04 
 1.228000e-08  3.146889e-04 
 1.328000e-08  3.200129e-04 
 1.428000e-08  3.243690e-04 
 1.528000e-08  3.279330e-04 
 1.628000e-08  3.308490e-04 
 1.728000e-08  3.332349e-04 
 1.828000e-08  3.351869e-04 
 1.928000e-08  3.367841e-04 
 2.028000e-08  3.380908e-04 
 2.128000e-08  3.391600e-04 
 2.228000e-08  3.400347e-04 
 2.328000e-08  3.407505e-04 
 2.428000e-08  3.413360e-04 
 2.528000e-08  3.418152e-04 
 2.628000e-08  3.422072e-04 
 2.728000e-08  3.425279e-04 
 2.828000e-08  3.427903e-04 
 2.928000e-08  3.430050e-04 
 3.028000e-08  3.431807e-04 
 3.128000e-08  3.433244e-04 
 3.228000e-08  3.434420e-04 
 3.328000e-08  3.435382e-04 
 3.428000e-08  3.436169e-04 
 3.528000e-08  3.436814e-04 
 3.628000e-08  3.437340e-04 
 3.728000e-08  3.437772e-04 
 3.828000e-08  3.438124e-04 
 3.928000e-08  3.438413e-04 
 3.978067e-08  2.935522e-04 
 4.020994e-08  2.516894e-04 
 4.068526e-08  2.093384e-04 
 4.163591e-08  1.356661e-04 
 4.263591e-08  7.191194e-05 
 4.363591e-08  1.974940e-05 
 4.463591e-08 -2.292903e-05 
 4.563591e-08 -5.784775e-05 
 4.663591e-08 -8.641761e-05 
 4.763591e-08 -1.097930e-04 
 4.863591e-08 -1.289182e-04 
 4.963591e-08 -1.445662e-04 
 5.063591e-08 -1.573691e-04 
 5.163591e-08 -1.678441e-04 
 5.263591e-08 -1.764147e-04 
 5.363591e-08 -1.834269e-04 
 5.463591e-08 -1.891642e-04 
 5.563591e-08 -1.938583e-04 
 5.663591e-08 -1.976990e-04 
 5.763591e-08 -2.008414e-04 
 5.863591e-08 -2.034124e-04 
 5.963591e-08 -2.055160e-04 
 6.063591e-08 -2.072370e-04 
 6.163591e-08 -2.086452e-04 
 6.263591e-08 -2.097974e-04 
 6.363591e-08 -2.107400e-04 
 6.463591e-08 -2.115113e-04 
 6.563591e-08 -2.121423e-04 
 6.663591e-08 -2.126586e-04 
 6.763591e-08 -2.130811e-04 
 6.863591e-08 -2.134267e-04 
 6.963591e-08 -2.137095e-04 
 7.063591e-08 -2.139408e-04 
 7.163591e-08 -2.141301e-04 
 7.263591e-08 -2.142850e-04 
 7.363591e-08 -2.144117e-04 
 7.463591e-08 -2.145154e-04 
 7.563591e-08 -2.146003e-04 
 7.663591e-08 -2.146697e-04 
 7.763591e-08 -2.147264e-04 
 7.863591e-08 -2.141613e-04 
 7.935363e-08 -1.912370e-04 
 7.996733e-08 -1.740941e-04 
 8.062197e-08 -1.579843e-04 
 8.162197e-08 -1.370774e-04 
 8.262197e-08 -1.199718e-04 
 8.362197e-08 -1.059763e-04 
 8.462197e-08 -9.452538e-05 
 8.562197e-08 -8.515648e-05 
 8.662197e-08 -7.749101e-05 
 8.762197e-08 -7.121926e-05 
 8.862197e-08 -6.608783e-05 
 8.962197e-08 -6.188939e-05 
 9.062197e-08 -5.845430e-05 
 9.162197e-08 -5.564377e-05 
 9.262197e-08 -5.334425e-05 
 9.362197e-08 -5.146282e-05 
 9.462197e-08 -4.992347e-05 
 9.562197e-08 -4.866400e-05 
 9.662197e-08 -4.763353e-05 
 9.762197e-08 -4.679042e-05 
 9.862197e-08 -4.610059e-05 
 9.962197e-08 -4.553619e-05 
 1.006220e-07 -4.507441e-05 
 1.016220e-07 -4.469659e-05 
 1.026220e-07 -4.438747e-05 
 1.036220e-07 -4.413455e-05 
 1.046220e-07 -4.392761e-05 
 1.056220e-07 -4.375830e-05 
 1.066220e-07 -4.361977e-05 
 1.076220e-07 -4.350643e-05 
 1.086220e-07 -4.341370e-05 
 1.096220e-07 -4.333782e-05 
 1.106220e-07 -4.327575e-05 
 1.116220e-07 -4.322496e-05 
 1.126220e-07 -4.318340e-05 
 1.136220e-07 -4.314940e-05 
 1.146220e-07 -4.312158e-05 
 1.156220e-07 -4.309882e-05 
 1.166220e-07 -4.308020e-05 
 1.176220e-07 -4.306496e-05 
 1.186220e-07 -3.760026e-05 
 1.196220e-07 -3.076385e-05 
 1.206220e-07 -2.517042e-05 
 1.216220e-07 -2.059398e-05 
 1.226220e-07 -1.684962e-05 
 1.236220e-07 -1.378605e-05 
 1.246220e-07 -1.127950e-05 
 1.256220e-07 -9.228680e-06 
 1.266220e-07 -7.550738e-06 
 1.276220e-07 -6.177877e-06 
 1.286220e-07 -5.054626e-06 
 1.296220e-07 -4.135603e-06 
 1.306220e-07 -3.383675e-06 
 1.316220e-07 -2.768462e-06 
 1.326220e-07 -2.265105e-06 
 1.336220e-07 -1.853268e-06 
 1.346220e-07 -1.516310e-06 
 1.356220e-07 -1.240617e-06 
 1.366220e-07 -1.015050e-06 
 1.376220e-07 -8.304959e-07 
 1.386220e-07 -6.794966e-07 
 1.396220e-07 -5.559518e-07 
 1.406220e-07 -4.548696e-07 
 1.416220e-07 -3.721661e-07 
 1.426220e-07 -3.044995e-07 
 1.436220e-07 -2.491360e-07 
 1.446220e-07 -2.038385e-07 
 1.456220e-07 -1.667770e-07 
 1.466220e-07 -1.364539e-07 
 1.476220e-07 -1.116441e-07 
 1.486220e-07 -9.134516e-08 
 1.496220e-07 -7.473695e-08 
 1.506220e-07 -6.114841e-08 
 1.516220e-07 -5.003052e-08 
 1.526220e-07 -4.093406e-08 
 1.536220e-07 -3.349150e-08 
 1.546220e-07 -2.740214e-08 
 1.556220e-07 -2.241993e-08 
 1.566220e-07 -1.834358e-08 
 1.576220e-07 -1.218727e-05 
 1.586220e-07 -4.124151e-05 
 1.594279e-07 -6.074477e-05 
 1.602943e-07 -7.848348e-05 
 1.612943e-07 -9.548386e-05 
 1.622943e-07 -1.093933e-04 
 1.632943e-07 -1.207737e-04 
 1.642943e-07 -1.300849e-04 
 1.652943e-07 -1.377032e-04 
 1.662943e-07 -1.439364e-04 
 1.672943e-07 -1.490363e-04 
 1.682943e-07 -1.532089e-04 
 1.692943e-07 -1.566228e-04 
 1.702943e-07 -1.594160e-04 
 1.712943e-07 -1.617014e-04 
 1.722943e-07 -1.635713e-04 
 1.732943e-07 -1.651011e-04 
 1.742943e-07 -1.663529e-04 
 1.752943e-07 -1.673770e-04 
 1.762943e-07 -1.682149e-04 
 1.772943e-07 -1.689005e-04 
 1.782943e-07 -1.694614e-04 
 1.792943e-07 -1.699204e-04 
 1.802943e-07 -1.702959e-04 
 1.812943e-07 -1.706031e-04 
 1.822943e-07 -1.708545e-04 
 1.832943e-07 -1.710601e-04 
 1.842943e-07 -1.712284e-04 
 1.852943e-07 -1.713661e-04 
 1.862943e-07 -1.714787e-04 
 1.872943e-07 -1.715709e-04 
 1.882943e-07 -1.716463e-04 
 1.892943e-07 -1.717080e-04 
 1.902943e-07 -1.717584e-04 
 1.912943e-07 -1.717997e-04 
 1.922943e-07 -1.718335e-04 
 1.932943e-07 -1.718612e-04 
 1.942943e-07 -1.718838e-04 
 1.952943e-07 -1.719023e-04 
 1.962943e-07 -1.719175e-04 
 1.967457e-07 -1.517010e-04 
 1.973955e-07 -9.121320e-05 
 1.977284e-07 -6.316996e-05 
 1.981706e-07 -2.868661e-05 
 1.990551e-07  3.187422e-05 
 2.000551e-07  8.861913e-05 
 2.010551e-07  1.350468e-04 
 2.020551e-07  1.730330e-04 
 2.030551e-07  2.041127e-04 
 2.040551e-07  2.295415e-04 
 2.050551e-07  2.503469e-04 
 2.060551e-07  2.673695e-04 
 2.070551e-07  2.812971e-04 
 2.080551e-07  2.926924e-04 
 2.090551e-07  3.020158e-04 
 2.100551e-07  3.096440e-04 
 2.110551e-07  3.158853e-04 
 2.120551e-07  3.209919e-04 
 2.130551e-07  3.251699e-04 
 2.140551e-07  3.285883e-04 
 2.150551e-07  3.313852e-04 
 2.160551e-07  3.336736e-04 
 2.170551e-07  3.355459e-04 
 2.180551e-07  3.370777e-04 
 2.190551e-07  3.383311e-04 
 2.200551e-07  3.393566e-04 
 2.210551e-07  3.401956e-04 
 2.220551e-07  3.408821e-04 
 2.230551e-07  3.414437e-04 
 2.240551e-07  3.419033e-04 
 2.250551e-07  3.422792e-04 
 2.260551e-07  3.425869e-04 
 2.270551e-07  3.428386e-04 
 2.280551e-07  3.430445e-04 
 2.290551e-07  3.432130e-04 
 2.300551e-07  3.433508e-04 
 2.310551e-07  3.434636e-04 
 2.320551e-07  3.435559e-04 
 2.330551e-07  3.436314e-04 
 2.340551e-07  3.436932e-04 
 2.350551e-07  3.437437e-04 
 2.360551e-07  3.357331e-04 
 2.370551e-07  2.981433e-04 
 2.378229e-07  2.740203e-04 
 2.386628e-07  2.515444e-04 
 2.396628e-07  2.292617e-04 
 2.406628e-07  2.110303e-04 
 2.416628e-07  1.961137e-04 
 2.426628e-07  1.839093e-04 
 2.436628e-07  1.739238e-04 
 2.446628e-07  1.657539e-04 
 2.456628e-07  1.590694e-04 
 2.466628e-07  1.536003e-04 
 2.476628e-07  1.491255e-04 
 2.486628e-07  1.454644e-04 
 2.496628e-07  1.424689e-04 
 2.506628e-07  1.400180e-04 
 2.516628e-07  1.380128e-04 
 2.526628e-07  1.363721e-04 
 2.536628e-07  1.350298e-04 
 2.546628e-07  1.339315e-04 
 2.556628e-07  1.330329e-04 
 2.566628e-07  1.322977e-04 
 2.576628e-07  1.316961e-04 
 2.586628e-07  1.312040e-04 
 2.596628e-07  1.308013e-04 
 2.606628e-07  1.304718e-04 
 2.616628e-07  1.302022e-04 
 2.626628e-07  1.299817e-04 
 2.636628e-07  1.298012e-04 
 2.646628e-07  1.296536e-04 
 2.656628e-07  1.295328e-04 
 2.666628e-07  1.294340e-04 
 2.676628e-07  1.293531e-04 
 2.686628e-07  1.292869e-04 
 2.696628e-07  1.292328e-04 
 2.706628e-07  1.291885e-04 
 2.716628e-07  1.291523e-04 
 2.726628e-07  1.291226e-04 
 2.736628e-07  1.290984e-04 
 2.746628e-07  1.290785e-04 
 2.756628e-07  1.211577e-04 
 2.766628e-07  1.069466e-04 
 2.776628e-07  9.531926e-05 
 2.786628e-07  8.580601e-05 
 2.796628e-07  7.802245e-05 
 2.806628e-07  7.165407e-05 
 2.816628e-07  6.644359e-05 
 2.826628e-07  6.218046e-05 
 2.836628e-07  5.869245e-05 
 2.846628e-07  5.583862e-05 
 2.856628e-07  5.350367e-05 
 2.866628e-07  5.159326e-05 
 2.876628e-07  5.003019e-05 
 2.886628e-07  4.875132e-05 
 2.896628e-07  4.770497e-05 
 2.906628e-07  4.684887e-05 
 2.916628e-07  4.614842e-05 
 2.926628e-07  4.557532e-05 
 2.936628e-07  4.510643e-05 
 2.946628e-07  4.472279e-05 
 2.956628e-07  4.440890e-05 
 2.966628e-07  4.415208e-05 
 2.976628e-07  4.394196e-05 
 2.986628e-07  4.377004e-05 
 2.996628e-07  4.362937e-05 
 3.006628e-07  4.351429e-05 
 3.016628e-07  4.342013e-05 
 3.026628e-07  4.334309e-05 
 3.036628e-07  4.328005e-05 
 3.046628e-07  4.322848e-05 
 3.056628e-07  4.318628e-05 
 3.066628e-07  4.315176e-05 
 3.076628e-07  4.312351e-05 
 3.086628e-07  4.310040e-05 
 3.096628e-07  4.308149e-05 
 3.106628e-07  4.306602e-05 
 3.116628e-07  4.305336e-05 
 3.126628e-07  4.304300e-05 
 3.136628e-07  4.303453e-05 
 3.146628e-07  2.913965e-05 
 3.152624e-07 -1.307092e-05 
 3.157187e-07 -4.195571e-05 
 3.162258e-07 -7.110327e-05 
 3.172258e-07 -1.207156e-04 
 3.182258e-07 -1.613075e-04 
 3.192258e-07 -1.945191e-04 
 3.202258e-07 -2.216922e-04 
 3.212258e-07 -2.439248e-04 
 3.222258e-07 -2.621150e-04 
 3.232258e-07 -2.769980e-04 
 3.242258e-07 -2.891749e-04 
 3.252258e-07 -2.991379e-04 
 3.262258e-07 -3.072894e-04 
 3.272258e-07 -3.139588e-04 
 3.282258e-07 -3.194156e-04 
 3.292258e-07 -3.238802e-04 
 3.302258e-07 -3.275331e-04 
 3.312258e-07 -3.305219e-04 
 3.322258e-07 -3.329672e-04 
 3.332258e-07 -3.349679e-04 
 3.342258e-07 -3.366049e-04 
 3.352258e-07 -3.379442e-04 
 3.362258e-07 -3.390400e-04 
 3.372258e-07 -3.399366e-04 
 3.382258e-07 -3.406702e-04 
 3.392258e-07 -3.412703e-04 
 3.402258e-07 -3.417614e-04 
 3.412258e-07 -3.421632e-04 
 3.422258e-07 -3.424919e-04 
 3.432258e-07 -3.427609e-04 
 3.442258e-07 -3.429809e-04 
 3.452258e-07 -3.431610e-04 
 3.462258e-07 -3.433083e-04 
 3.472258e-07 -3.434288e-04 
 3.482258e-07 -3.435274e-04 
 3.492258e-07 -3.436081e-04 
 3.502258e-07 -3.436741e-04 
 3.512258e-07 -3.437281e-04 
 3.522258e-07 -3.437723e-04 
 3.532258e-07 -3.438085e-04 
 3.541079e-07 -3.200602e-04 
 3.550781e-07 -2.558405e-04 
 3.556454e-07 -2.237580e-04 
 3.563359e-07 -1.892962e-04 
 3.573359e-07 -1.470612e-04 
 3.583359e-07 -1.125053e-04 
 3.593359e-07 -8.423225e-05 
 3.603359e-07 -6.109977e-05 
 3.613359e-07 -4.217320e-05 
 3.623359e-07 -2.668781e-05 
 3.633359e-07 -1.401796e-05 
 3.643359e-07 -3.651711e-06 
 3.653359e-07  4.829763e-06 
 3.663359e-07  1.176915e-05 
 3.673359e-07  1.744683e-05 
 3.683359e-07  2.209221e-05 
 3.693359e-07  2.589297e-05 
 3.703359e-07  2.900268e-05 
 3.713359e-07  3.154700e-05 
 3.723359e-07  3.362871e-05 
 3.733359e-07  3.533192e-05 
 3.743359e-07  3.672546e-05 
 3.753359e-07  3.786563e-05 
 3.763359e-07  3.879850e-05 
 3.773359e-07  3.956175e-05 
 3.783359e-07  4.018623e-05 
 3.793359e-07  4.069717e-05 
 3.803359e-07  4.111521e-05 
 3.813359e-07  4.145725e-05 
 3.823359e-07  4.173709e-05 
 3.833359e-07  4.196606e-05 
 3.843359e-07  4.215339e-05 
 3.853359e-07  4.230667e-05 
 3.863359e-07  4.243207e-05 
 3.873359e-07  4.253468e-05 
 3.883359e-07  4.261863e-05 
 3.893359e-07  4.268731e-05 
 3.903359e-07  4.274351e-05 
 3.913359e-07  4.278949e-05 
 3.923359e-07  4.282711e-05 
 3.931130e-07  4.584741e-05 
 3.934851e-07  8.266113e-05 
 3.937984e-07  1.115946e-04 
 3.941468e-07  1.417180e-04 
 3.948436e-07  1.960780e-04 
 3.958436e-07  2.620553e-04 
 3.968436e-07  3.160367e-04 
 3.978436e-07  3.602034e-04 
 3.988436e-07  3.963397e-04 
 3.998436e-07  4.259058e-04 
 4.008436e-07  4.500962e-04 
 4.018436e-07  4.698884e-04 
 4.028436e-07  4.860820e-04 
 4.038436e-07  4.993313e-04 
 4.048436e-07  5.101716e-04 
 4.058436e-07  5.190410e-04 
 4.068436e-07  5.262978e-04 
 4.078436e-07  5.322351e-04 
 4.088436e-07  5.370929e-04 
 4.098436e-07  5.410675e-04 
 4.108436e-07  5.443195e-04 
 4.118436e-07  5.469801e-04 
 4.128436e-07  5.491571e-04 
 4.138436e-07  5.509382e-04 
 4.148436e-07  5.523954e-04 
 4.158436e-07  5.535878e-04 
 4.168436e-07  5.545633e-04 
 4.178436e-07  5.553615e-04 
 4.188436e-07  5.560145e-04 
 4.198436e-07  5.565488e-04 
 4.208436e-07  5.569860e-04 
 4.218436e-07  5.573436e-04 
 4.228436e-07  5.576363e-04 
 4.238436e-07  5.578757e-04 
 4.248436e-07  5.580716e-04 
 4.258436e-07  5.582319e-04 
 4.268436e-07  5.583630e-04 
 4.278436e-07  5.584703e-04 
 4.288436e-07  5.585581e-04 
 4.298436e-07  5.586300e-04 
 4.308436e-07  5.586887e-04 
 4.318436e-07  5.587368e-04 
 4.325459e-07  5.299455e-04 
 4.331083e-07  4.277234e-04 
 4.334731e-07  3.673428e-04 
 4.338949e-07  3.028016e-04 
 4.347386e-07  1.887833e-04 
 4.357386e-07  7.628377e-05 
 4.367386e-07 -1.576127e-05 
 4.377386e-07 -9.107086e-05 
 4.387386e-07 -1.526878e-04 
 4.397386e-07 -2.031016e-04 
 4.407386e-07 -2.443493e-04 
 4.417386e-07 -2.780975e-04 
 4.427386e-07 -3.057096e-04 
 4.437386e-07 -3.283013e-04 
 4.447386e-07 -3.467854e-04 
 4.457386e-07 -3.619088e-04 
 4.467386e-07 -3.742825e-04 
 4.477386e-07 -3.844064e-04 
 4.487386e-07 -3.926896e-04 
 4.497386e-07 -3.994667e-04 
 4.507386e-07 -4.050117e-04 
 4.517386e-07 -4.095485e-04 
 4.527386e-07 -4.132604e-04 
 4.537386e-07 -4.162974e-04 
 4.547386e-07 -4.187822e-04 
 4.557386e-07 -4.208153e-04 
 4.567386e-07 -4.224787e-04 
 4.577386e-07 -4.238396e-04 
 4.587386e-07 -4.249532e-04 
 4.597386e-07 -4.258642e-04 
 4.607386e-07 -4.266096e-04 
 4.617386e-07 -4.272195e-04 
 4.627386e-07 -4.277185e-04 
 4.637386e-07 -4.281268e-04 
 4.647386e-07 -4.284608e-04 
 4.657386e-07 -4.287341e-04 
 4.667386e-07 -4.289577e-04 
 4.677386e-07 -4.291407e-04 
 4.687386e-07 -4.292904e-04 
 4.697386e-07 -4.294128e-04 
 4.707386e-07 -4.295131e-04 
 4.717386e-07 -4.251664e-04 
 4.722925e-07 -3.624867e-04 
 4.727353e-07 -3.171619e-04 
 4.732278e-07 -2.712416e-04 
 4.742128e-07 -1.917540e-04 
 4.752128e-07 -1.256195e-04 
 4.762128e-07 -7.150951e-05 
 4.772128e-07 -2.723767e-05 
 4.782128e-07  8.984739e-06 
 4.792128e-07  3.862126e-05 
 4.802128e-07  6.286932e-05 
 4.812128e-07  8.270864e-05 
 4.822128e-07  9.894081e-05 
 4.832128e-07  1.122217e-04 
 4.842128e-07  1.230878e-04 
 4.852128e-07  1.319783e-04 
 4.862128e-07  1.392524e-04 
 4.872128e-07  1.452039e-04 
 4.882128e-07  1.500733e-04 
 4.892128e-07  1.540573e-04 
 4.902128e-07  1.573170e-04 
 4.912128e-07  1.599840e-04 
 4.922128e-07  1.621661e-04 
 4.932128e-07  1.639515e-04 
 4.942128e-07  1.654122e-04 
 4.952128e-07  1.666074e-04 
 4.962128e-07  1.675852e-04 
 4.972128e-07  1.683853e-04 
 4.982128e-07  1.690399e-04 
 4.992128e-07  1.695755e-04 
 5.002128e-07  1.700137e-04 
 5.012128e-07  1.703722e-04 
 5.022128e-07  1.706656e-04 
 5.032128e-07  1.709056e-04 
 5.042128e-07  1.711019e-04 
 5.052128e-07  1.712626e-04 
 5.062128e-07  1.713941e-04 
 5.072128e-07  1.715016e-04 
 5.082128e-07  1.715896e-04 
 5.092128e-07  1.716616e-04 
 5.102128e-07  1.717205e-04 
 5.112128e-07  1.685401e-04 
 5.122128e-07  1.535315e-04 
 5.132128e-07  1.412518e-04 
 5.142128e-07  1.312047e-04 
 5.152128e-07  1.229843e-04 
 5.162128e-07  1.162586e-04 
 5.172128e-07  1.107557e-04 
 5.182128e-07  1.062534e-04 
 5.192128e-07  1.025696e-04 
 5.202128e-07  9.955566e-05 
 5.212128e-07  9.708969e-05 
 5.222128e-07  9.507207e-05 
 5.232128e-07  9.342129e-05 
 5.242128e-07  9.207066e-05 
 5.252128e-07  9.096559e-05 
 5.262128e-07  9.006145e-05 
 5.272128e-07  8.932169e-05 
 5.282128e-07  8.871644e-05 
 5.292128e-07  8.822123e-05 
 5.302128e-07  8.781606e-05 
 5.312128e-07  8.748456e-05 
 5.322128e-07  8.721333e-05 
 5.332128e-07  8.699141e-05 
 5.342128e-07  8.680985e-05 
 5.352128e-07  8.666129e-05 
 5.362128e-07  8.653975e-05 
 5.372128e-07  8.644030e-05 
 5.382128e-07  8.635894e-05 
 5.392128e-07  8.629237e-05 
 5.402128e-07  8.623790e-05 
 5.412128e-07  8.619334e-05 
 5.422128e-07  8.615687e-05 
 5.432128e-07  8.612704e-05 
 5.442128e-07  8.610263e-05 
 5.452128e-07  8.608266e-05 
 5.462128e-07  8.606632e-05 
 5.472128e-07  8.605296e-05 
 5.482128e-07  8.604202e-05 
 5.492128e-07  8.603307e-05 
 5.502128e-07  8.602575e-05 
 5.512128e-07  8.601976e-05 
 5.522128e-07  8.601485e-05 
 5.532128e-07  8.601084e-05 
 5.542128e-07  8.600756e-05 
 5.552128e-07  8.600488e-05 
 5.562128e-07  8.600268e-05 
 5.572128e-07  8.600088e-05 
 5.582128e-07  8.599941e-05 
 5.592128e-07  8.599821e-05 
 5.602128e-07  8.599723e-05 
 5.612128e-07  8.599642e-05 
 5.622128e-07  8.599576e-05 
 5.632128e-07  8.599522e-05 
 5.642128e-07  8.599478e-05 
 5.652128e-07  8.599442e-05 
 5.662128e-07  8.599413e-05 
 5.672128e-07  8.599388e-05 
 5.682128e-07  8.599369e-05 
 5.692128e-07  8.599352e-05 
 5.702128e-07  8.599339e-05 
 5.712128e-07  8.599328e-05 
 5.722128e-07  8.599320e-05 
 5.732128e-07  8.599312e-05 
 5.742128e-07  8.599306e-05 
 5.752128e-07  8.599302e-05 
 5.762128e-07  8.599298e-05 
 5.772128e-07  8.599294e-05 
 5.782128e-07  8.599292e-05 
 5.792128e-07  8.599289e-05 
 5.802128e-07  8.599288e-05 
 5.812128e-07  8.599286e-05 
 5.822128e-07  8.599285e-05 
 5.832128e-07  8.599284e-05 
 5.842128e-07  8.599283e-05 
 5.852128e-07  8.599283e-05 
 5.862128e-07  8.599282e-05 
 5.872128e-07  8.599282e-05 
 5.882128e-07  8.599281e-05 
 5.892128e-07  8.599281e-05 
 5.900272e-07  6.347363e-05 
 5.908264e-07  2.225801e-05 
 5.914869e-07 -7.137424e-06 
 5.921352e-07 -3.244678e-05 
 5.931352e-07 -6.563500e-05 
 5.941352e-07 -9.278900e-05 
 5.951352e-07 -1.150059e-04 
 5.961352e-07 -1.331834e-04 
 5.971352e-07 -1.480559e-04 
 5.981352e-07 -1.602242e-04 
 5.991352e-07 -1.701802e-04 
 6.001352e-07 -1.783260e-04 
 6.011352e-07 -1.849907e-04 
 6.021352e-07 -1.904437e-04 
 6.031352e-07 -1.949052e-04 
 6.041352e-07 -1.985555e-04 
 6.051352e-07 -2.015421e-04 
 6.061352e-07 -2.039858e-04 
 6.071352e-07 -2.059851e-04 
 6.081352e-07 -2.076209e-04 
 6.091352e-07 -2.089593e-04 
 6.101352e-07 -2.100543e-04 
 6.111352e-07 -2.109502e-04 
 6.121352e-07 -2.116833e-04 
 6.131352e-07 -2.122831e-04 
 6.141352e-07 -2.127738e-04 
 6.151352e-07 -2.131753e-04 
 6.161352e-07 -2.135038e-04 
 6.171352e-07 -2.137725e-04 
 6.181352e-07 -2.139924e-04 
 6.191352e-07 -2.141724e-04 
 6.201352e-07 -2.143196e-04 
 6.211352e-07 -2.144400e-04 
 6.221352e-07 -2.145385e-04 
 6.231352e-07 -2.146192e-04 
 6.241352e-07 -2.146851e-04 
 6.251352e-07 -2.147391e-04 
 6.261352e-07 -2.147833e-04 
 6.271352e-07 -2.148194e-04 
 6.281352e-07 -2.148490e-04 
 6.289710e-07 -2.100905e-04 
 6.293700e-07 -1.609697e-04 
 6.296752e-07 -1.259618e-04 
 6.300116e-07 -8.978106e-05 
 6.306843e-07 -2.426111e-05 
 6.316843e-07  5.832527e-05 
 6.326843e-07  1.258959e-04 
 6.336843e-07  1.811810e-04 
 6.346843e-07  2.264143e-04 
 6.356843e-07  2.634233e-04 
 6.366843e-07  2.937035e-04 
 6.376843e-07  3.184781e-04 
 6.386843e-07  3.387483e-04 
 6.396843e-07  3.553329e-04 
 6.406843e-07  3.689022e-04 
 6.416843e-07  3.800044e-04 
 6.426843e-07  3.890879e-04 
 6.436843e-07  3.965199e-04 
 6.446843e-07  4.026007e-04 
 6.456843e-07  4.075758e-04 
 6.466843e-07  4.116464e-04 
 6.476843e-07  4.149769e-04 
 6.486843e-07  4.177018e-04 
 6.496843e-07  4.199313e-04 
 6.506843e-07  4.217554e-04 
 6.516843e-07  4.232479e-04 
 6.526843e-07  4.244690e-04 
 6.536843e-07  4.254681e-04 
 6.546843e-07  4.262855e-04 
 6.556843e-07  4.269543e-04 
 6.566843e-07  4.275015e-04 
 6.576843e-07  4.279493e-04 
 6.586843e-07  4.283156e-04 
 6.596843e-07  4.286153e-04 
 6.606843e-07  4.288605e-04 
 6.616843e-07  4.290611e-04 
 6.626843e-07  4.292253e-04 
 6.636843e-07  4.293596e-04 
 6.646843e-07  4.294695e-04 
 6.656843e-07  4.295594e-04 
 6.666843e-07  4.296330e-04 
 6.676843e-07  4.296931e-04 
 6.686843e-07  4.088545e-04 
 6.696843e-07  3.657875e-04 
 6.706843e-07  3.305508e-04 
 6.716323e-07  3.030900e-04 
 6.726323e-07  2.792528e-04 
 6.736323e-07  2.597497e-04 
 6.746323e-07  2.437926e-04 
 6.756323e-07  2.307368e-04 
 6.766323e-07  2.200547e-04 
 6.776323e-07  2.113149e-04 
 6.786323e-07  2.041641e-04 
 6.796323e-07  1.983135e-04 
 6.806323e-07  1.935266e-04 
 6.816323e-07  1.896100e-04 
 6.826323e-07  1.864056e-04 
 6.836323e-07  1.837838e-04 
 6.846323e-07  1.816387e-04 
 6.856323e-07  1.798836e-04 
 6.866323e-07  1.784476e-04 
 6.876323e-07  1.772727e-04 
 6.886323e-07  1.763114e-04 
 6.896323e-07  1.755249e-04 
 6.906323e-07  1.748814e-04 
 6.916323e-07  1.743549e-04 
 6.926323e-07  1.739241e-04 
 6.936323e-07  1.735716e-04 
 6.946323e-07  1.732833e-04 
 6.956323e-07  1.730473e-04 
 6.966323e-07  1.728543e-04 
 6.976323e-07  1.726963e-04 
 6.986323e-07  1.725671e-04 
 6.996323e-07  1.724614e-04 
 7.006323e-07  1.723749e-04 
 7.016323e-07  1.723041e-04 
 7.026323e-07  1.722462e-04 
 7.036323e-07  1.721988e-04 
 7.046323e-07  1.721600e-04 
 7.056323e-07  1.721283e-04 
 7.066323e-07  1.721024e-04 
 7.076323e-07  1.720811e-04 
 7.086323e-07  1.720638e-04 
 7.096323e-07  1.720496e-04 
 7.106323e-07  1.720379e-04 
 7.116323e-07  1.720284e-04 
 7.126323e-07  1.720206e-04 
 7.136323e-07  1.720143e-04 
 7.146323e-07  1.720090e-04 
 7.156323e-07  1.720048e-04 
 7.166323e-07  1.720013e-04 
 7.176323e-07  1.719984e-04 
 7.186323e-07  1.719961e-04 
 7.196323e-07  1.719942e-04 
 7.206323e-07  1.719926e-04 
 7.216323e-07  1.719913e-04 
 7.226323e-07  1.719903e-04 
 7.236323e-07  1.719894e-04 
 7.246323e-07  1.719887e-04 
 7.256323e-07  1.719882e-04 
 7.266323e-07  1.719877e-04 
 7.276323e-07  1.719873e-04 
 7.286323e-07  1.719870e-04 
 7.296323e-07  1.719867e-04 
 7.306323e-07  1.719865e-04 
 7.316323e-07  1.719864e-04 
 7.326323e-07  1.719862e-04 
 7.336323e-07  1.719861e-04 
 7.346323e-07  1.719860e-04 
 7.356323e-07  1.719859e-04 
 7.366323e-07  1.719859e-04 
 7.376323e-07  1.719858e-04 
 7.386323e-07  1.719858e-04 
 7.396323e-07  1.719857e-04 
 7.406323e-07  1.719857e-04 
 7.416323e-07  1.719857e-04 
 7.426323e-07  1.719857e-04 
 7.436323e-07  1.719857e-04 
 7.446323e-07  1.719857e-04 
 7.456323e-07  1.719856e-04 
 7.466323e-07  1.719856e-04 
 7.474404e-07  2.092229e-04 
 7.481993e-07  2.524963e-04 
 7.490508e-07  2.938434e-04 
 7.500475e-07  3.341047e-04 
 7.510475e-07  3.671687e-04 
 7.520475e-07  3.942211e-04 
 7.530475e-07  4.163548e-04 
 7.540475e-07  4.344643e-04 
 7.550475e-07  4.492811e-04 
 7.560475e-07  4.614039e-04 
 7.570475e-07  4.713226e-04 
 7.580475e-07  4.794379e-04 
 7.590475e-07  4.860777e-04 
 7.600475e-07  4.915103e-04 
 7.610475e-07  4.959551e-04 
 7.620475e-07  4.995918e-04 
 7.630475e-07  5.025672e-04 
 7.640475e-07  5.050017e-04 
 7.650475e-07  5.069935e-04 
 7.660475e-07  5.086232e-04 
 7.670475e-07  5.099566e-04 
 7.680475e-07  5.110475e-04 
 7.690475e-07  5.119401e-04 
 7.700475e-07  5.126704e-04 
 7.710475e-07  5.132679e-04 
 7.720475e-07  5.137568e-04 
 7.730475e-07  5.141568e-04 
 7.740475e-07  5.144841e-04 
 7.750475e-07  5.147518e-04 
 7.760475e-07  5.149709e-04 
 7.770475e-07  5.151502e-04 
 7.780475e-07  5.152968e-04 
 7.790475e-07  5.154168e-04 
 7.800475e-07  5.155150e-04 
 7.810475e-07  5.155953e-04 
 7.820475e-07  5.156610e-04 
 7.830475e-07  5.157148e-04 
 7.840475e-07  5.157588e-04 
 7.850475e-07  5.157948e-04 
 7.860475e-07  5.158243e-04 
 7.866671e-07  4.587564e-04 
 7.873453e-07  3.895517e-04 
 7.879608e-07  3.344118e-04 
 7.888784e-07  2.637406e-04 
 7.898784e-07  2.001527e-04 
 7.908784e-07  1.481263e-04 
 7.918784e-07  1.055592e-04 
 7.928784e-07  7.073154e-05 
 7.938784e-07  4.223620e-05 
 7.948784e-07  1.892184e-05 
 7.958784e-07 -1.535495e-07 
 7.968784e-07 -1.576069e-05 
 7.978784e-07 -2.853016e-05 
 7.988784e-07 -3.897791e-05 
 7.998784e-07 -4.752607e-05 
 8.008784e-07 -5.452002e-05 
 8.018784e-07 -6.024235e-05 
 8.028784e-07 -6.492425e-05 
 8.038784e-07 -6.875489e-05 
 8.048784e-07 -7.188906e-05 
 8.058784e-07 -7.445337e-05 
 8.068784e-07 -7.655145e-05 
 8.078784e-07 -7.826806e-05 
 8.088784e-07 -7.967256e-05 
 8.098784e-07 -8.082169e-05 
 8.108784e-07 -8.176189e-05 
 8.118784e-07 -8.253115e-05 
 8.128784e-07 -8.316054e-05 
 8.138784e-07 -8.367549e-05 
 8.148784e-07 -8.409682e-05 
 8.158784e-07 -8.444154e-05 
 8.168784e-07 -8.472359e-05 
 8.178784e-07 -8.495436e-05 
 8.188784e-07 -8.514316e-05 
 8.198784e-07 -8.529764e-05 
 8.208784e-07 -8.542403e-05 
 8.218784e-07 -8.552745e-05 
 8.228784e-07 -8.561205e-05 
 8.238784e-07 -8.568128e-05 
 8.248784e-07 -8.573792e-05 
 8.258784e-07 -1.016819e-04 
 8.268784e-07 -1.379169e-04 
 8.278784e-07 -1.675638e-04 
 8.288322e-07 -1.907981e-04 
 8.298322e-07 -2.108302e-04 
 8.308322e-07 -2.272201e-04 
 8.318322e-07 -2.406301e-04 
 8.328322e-07 -2.516018e-04 
 8.338322e-07 -2.605787e-04 
 8.348322e-07 -2.679235e-04 
 8.358322e-07 -2.739328e-04 
 8.368322e-07 -2.788495e-04 
 8.378322e-07 -2.828723e-04 
 8.388322e-07 -2.861637e-04 
 8.398322e-07 -2.888566e-04 
 8.408322e-07 -2.910599e-04 
 8.418322e-07 -2.928626e-04 
 8.428322e-07 -2.943376e-04 
 8.438322e-07 -2.955443e-04 
 8.448322e-07 -2.965317e-04 
 8.458322e-07 -2.973395e-04 
 8.468322e-07 -2.980005e-04 
 8.478322e-07 -2.985413e-04 
 8.488322e-07 -2.989837e-04 
 8.498322e-07 -2.993457e-04 
 8.508322e-07 -2.996419e-04 
 8.518322e-07 -2.998843e-04 
 8.528322e-07 -3.000825e-04 
 8.538322e-07 -3.002448e-04 
 8.548322e-07 -3.003775e-04 
 8.558322e-07 -3.004861e-04 
 8.568322e-07 -3.005749e-04 
 8.578322e-07 -3.006476e-04 
 8.588322e-07 -3.007071e-04 
 8.598322e-07 -3.007558e-04 
 8.608322e-07 -3.007956e-04 
 8.618322e-07 -3.008282e-04 
 8.628322e-07 -3.008548e-04 
 8.638322e-07 -3.008767e-04 
 8.648322e-07 -2.943434e-04 
 8.653158e-07 -2.314884e-04 
 8.656850e-07 -1.874558e-04 
 8.660666e-07 -1.452260e-04 
 8.668298e-07 -6.974997e-05 
 8.678298e-07  1.328958e-05 
 8.688298e-07  8.123104e-05 
 8.698298e-07  1.368195e-04 
 8.708298e-07  1.823010e-04 
 8.718298e-07  2.195131e-04 
 8.728298e-07  2.499594e-04 
 8.738298e-07  2.748699e-04 
 8.748298e-07  2.952513e-04 
 8.758298e-07  3.119270e-04 
 8.768298e-07  3.255708e-04 
 8.778298e-07  3.367338e-04 
 8.788298e-07  3.458672e-04 
 8.798298e-07  3.533400e-04 
 8.808298e-07  3.594541e-04 
 8.818298e-07  3.644566e-04 
 8.828298e-07  3.685495e-04 
 8.838298e-07  3.718982e-04 
 8.848298e-07  3.746381e-04 
 8.858298e-07  3.768798e-04 
 8.868298e-07  3.787140e-04 
 8.878298e-07  3.802146e-04 
 8.888298e-07  3.814424e-04 
 8.898298e-07  3.824470e-04 
 8.908298e-07  3.832689e-04 
 8.918298e-07  3.839414e-04 
 8.928298e-07  3.844916e-04 
 8.938298e-07  3.849418e-04 
 8.948298e-07  3.853101e-04 
 8.958298e-07  3.856115e-04 
 8.968298e-07  3.858580e-04 
 8.978298e-07  3.860598e-04 
 8.988298e-07  3.862248e-04 
 8.998298e-07  3.863599e-04 
 9.008298e-07  3.864704e-04 
 9.018298e-07  3.865608e-04 
 9.028298e-07  3.866347e-04 
 9.038298e-07  3.866953e-04 
 9.046886e-07  3.439366e-04 
 9.055120e-07  2.916081e-04 
 9.064686e-07  2.406883e-04 
 9.074686e-07  1.969268e-04 
 9.084686e-07  1.611219e-04 
 9.094686e-07  1.318270e-04 
 9.104686e-07  1.078585e-04 
 9.114686e-07  8.824784e-05 
 9.124686e-07  7.220277e-05 
 9.134686e-07  5.907500e-05 
 9.144686e-07  4.833409e-05 
 9.154686e-07  3.954607e-05 
 9.164686e-07  3.235588e-05 
 9.174686e-07  2.647299e-05 
 9.184686e-07  2.165972e-05 
 9.194686e-07  1.772159e-05 
 9.204686e-07  1.449948e-05 
 9.214686e-07  1.186321e-05 
 9.224686e-07  9.706265e-06 
 9.234686e-07  7.941489e-06 
 9.244686e-07  6.497582e-06 
 9.254686e-07  5.316204e-06 
 9.264686e-07  4.349621e-06 
 9.274686e-07  3.558781e-06 
 9.284686e-07  2.911730e-06 
 9.294686e-07  2.382324e-06 
 9.304686e-07  1.949175e-06 
 9.314686e-07  1.594779e-06 
 9.324686e-07  1.304819e-06 
 9.334686e-07  1.067579e-06 
 9.344686e-07  8.734741e-07 
 9.354686e-07  7.146606e-07 
 9.364686e-07  5.847223e-07 
 9.374686e-07  4.784092e-07 
 9.384686e-07  3.914257e-07 
 9.394686e-07  3.202574e-07 
 9.404686e-07  2.620288e-07 
 9.414686e-07  2.143872e-07 
 9.424686e-07  1.754077e-07 
 9.434686e-07  3.536146e-06 
 9.444686e-07  4.979837e-05 
 9.452538e-07  8.011404e-05 
 9.460204e-07  1.054405e-04 
 9.470204e-07  1.331746e-04 
 9.480204e-07  1.558662e-04 
 9.490204e-07  1.744321e-04 
 9.500204e-07  1.896223e-04 
 9.510204e-07  2.020507e-04 
 9.520204e-07  2.122194e-04 
 9.530204e-07  2.205392e-04 
 9.540204e-07  2.273463e-04 
 9.550204e-07  2.329158e-04 
 9.560204e-07  2.374726e-04 
 9.570204e-07  2.412009e-04 
 9.580204e-07  2.442514e-04 
 9.590204e-07  2.467472e-04 
 9.600204e-07  2.487892e-04 
 9.610204e-07  2.504600e-04 
 9.620204e-07  2.518270e-04 
 9.630204e-07  2.529454e-04 
 9.640204e-07  2.538605e-04 
 9.650204e-07  2.546092e-04 
 9.660204e-07  2.552218e-04 
 9.670204e-07  2.557230e-04 
 9.680204e-07  2.561331e-04 
 9.690204e-07  2.564686e-04 
 9.700204e-07  2.567431e-04 
 9.710204e-07  2.569677e-04 
 9.720204e-07  2.571515e-04 
 9.730204e-07  2.573018e-04 
 9.740204e-07  2.574248e-04 
 9.750204e-07  2.575255e-04 
 9.760204e-07  2.576078e-04 
 9.770204e-07  2.576752e-04 
 9.780204e-07  2.577303e-04 
 9.790204e-07  2.577754e-04 
 9.800204e-07  2.578123e-04 
 9.810204e-07  2.578425e-04 
 9.820204e-07  2.578672e-04 
 9.830204e-07  2.578874e-04 
 9.840204e-07  2.579040e-04 
 9.850204e-07  2.579175e-04 
 9.860204e-07  2.579286e-04 
 9.870204e-07  2.579376e-04 
 9.880204e-07  2.579450e-04 
 9.890204e-07  2.579511e-04 
 9.900204e-07  2.579561e-04 
 9.910204e-07  2.579601e-04 
 9.920204e-07  2.579634e-04 
 9.930204e-07  2.579662e-04 
 9.940204e-07  2.579684e-04 
 9.950204e-07  2.579702e-04 
 9.960204e-07  2.579717e-04 
 9.970204e-07  2.579729e-04 
 9.980204e-07  2.579739e-04 
 9.990204e-07  2.579747e-04 
 1.000000e-06  2.579754e-04 
