 0.000000e+00  0.000000e+00 
 1.000000e-11  6.879423e-07 
 2.000000e-11  1.375885e-06 
 4.000000e-11  2.751769e-06 
 8.000000e-11  5.503537e-06 
 1.600000e-10  1.100707e-05 
 3.200000e-10  2.201412e-05 
 6.400000e-10  4.402817e-05 
 1.280000e-09  8.805606e-05 
 2.280000e-09  1.568491e-04 
 3.280000e-09  2.256414e-04 
 4.280000e-09  2.944330e-04 
 5.280000e-09  3.632240e-04 
 6.280000e-09  4.320142e-04 
 7.280000e-09  5.008038e-04 
 8.280000e-09  5.695927e-04 
 9.280000e-09  6.383809e-04 
 1.028000e-08  7.071684e-04 
 1.128000e-08  7.759552e-04 
 1.228000e-08  8.447414e-04 
 1.328000e-08  9.135268e-04 
 1.428000e-08  9.823116e-04 
 1.528000e-08  1.051096e-03 
 1.628000e-08  1.119879e-03 
 1.728000e-08  1.188662e-03 
 1.828000e-08  1.257444e-03 
 1.928000e-08  1.326225e-03 
 2.028000e-08  1.395006e-03 
 2.128000e-08  1.463786e-03 
 2.228000e-08  1.532565e-03 
 2.328000e-08  1.601343e-03 
 2.428000e-08  1.670121e-03 
 2.528000e-08  1.738899e-03 
 2.628000e-08  1.807675e-03 
 2.728000e-08  1.876451e-03 
 2.828000e-08  1.945226e-03 
 2.928000e-08  2.014000e-03 
 3.028000e-08  2.082774e-03 
 3.128000e-08  2.151547e-03 
 3.228000e-08  2.220320e-03 
 3.328000e-08  2.289091e-03 
 3.428000e-08  2.357862e-03 
 3.528000e-08  2.426633e-03 
 3.628000e-08  2.495402e-03 
 3.728000e-08  2.564171e-03 
 3.828000e-08  2.632939e-03 
 3.928000e-08  2.701707e-03 
 3.978067e-08  2.683317e-03 
 4.020994e-08  2.664848e-03 
 4.068526e-08  2.644398e-03 
 4.163591e-08  2.603499e-03 
 4.263591e-08  2.560476e-03 
 4.363591e-08  2.517455e-03 
 4.463591e-08  2.474433e-03 
 4.563591e-08  2.431412e-03 
 4.663591e-08  2.388392e-03 
 4.763591e-08  2.345372e-03 
 4.863591e-08  2.302352e-03 
 4.963591e-08  2.259333e-03 
 5.063591e-08  2.216314e-03 
 5.163591e-08  2.173296e-03 
 5.263591e-08  2.130278e-03 
 5.363591e-08  2.087260e-03 
 5.463591e-08  2.044243e-03 
 5.563591e-08  2.001227e-03 
 5.663591e-08  1.958211e-03 
 5.763591e-08  1.915195e-03 
 5.863591e-08  1.872179e-03 
 5.963591e-08  1.829165e-03 
 6.063591e-08  1.786150e-03 
 6.163591e-08  1.743136e-03 
 6.263591e-08  1.700122e-03 
 6.363591e-08  1.657109e-03 
 6.463591e-08  1.614096e-03 
 6.563591e-08  1.571084e-03 
 6.663591e-08  1.528072e-03 
 6.763591e-08  1.485061e-03 
 6.863591e-08  1.442050e-03 
 6.963591e-08  1.399039e-03 
 7.063591e-08  1.356029e-03 
 7.163591e-08  1.313019e-03 
 7.263591e-08  1.270010e-03 
 7.363591e-08  1.227001e-03 
 7.463591e-08  1.183993e-03 
 7.563591e-08  1.140985e-03 
 7.663591e-08  1.097977e-03 
 7.763591e-08  1.054970e-03 
 7.863591e-08  1.012636e-03 
 7.935363e-08  1.006457e-03 
 7.996733e-08  1.001173e-03 
 8.062197e-08  9.955372e-04 
 8.162197e-08  9.869280e-04 
 8.262197e-08  9.783189e-04 
 8.362197e-08  9.697099e-04 
 8.462197e-08  9.611010e-04 
 8.562197e-08  9.524921e-04 
 8.662197e-08  9.438833e-04 
 8.762197e-08  9.352747e-04 
 8.862197e-08  9.266661e-04 
 8.962197e-08  9.180576e-04 
 9.062197e-08  9.094492e-04 
 9.162197e-08  9.008408e-04 
 9.262197e-08  8.922326e-04 
 9.362197e-08  8.836244e-04 
 9.462197e-08  8.750164e-04 
 9.562197e-08  8.664084e-04 
 9.662197e-08  8.578005e-04 
 9.762197e-08  8.491926e-04 
 9.862197e-08  8.405849e-04 
 9.962197e-08  8.319773e-04 
 1.006220e-07  8.233697e-04 
 1.016220e-07  8.147623e-04 
 1.026220e-07  8.061549e-04 
 1.036220e-07  7.975476e-04 
 1.046220e-07  7.889404e-04 
 1.056220e-07  7.803332e-04 
 1.066220e-07  7.717262e-04 
 1.076220e-07  7.631192e-04 
 1.086220e-07  7.545124e-04 
 1.096220e-07  7.459056e-04 
 1.106220e-07  7.372989e-04 
 1.116220e-07  7.286923e-04 
 1.126220e-07  7.200858e-04 
 1.136220e-07  7.114793e-04 
 1.146220e-07  7.028730e-04 
 1.156220e-07  6.942667e-04 
 1.166220e-07  6.856605e-04 
 1.176220e-07  6.770544e-04 
 1.186220e-07  6.744459e-04 
 1.196220e-07  6.744391e-04 
 1.206220e-07  6.744324e-04 
 1.216220e-07  6.744256e-04 
 1.226220e-07  6.744189e-04 
 1.236220e-07  6.744121e-04 
 1.246220e-07  6.744054e-04 
 1.256220e-07  6.743986e-04 
 1.266220e-07  6.743919e-04 
 1.276220e-07  6.743852e-04 
 1.286220e-07  6.743784e-04 
 1.296220e-07  6.743717e-04 
 1.306220e-07  6.743649e-04 
 1.316220e-07  6.743582e-04 
 1.326220e-07  6.743514e-04 
 1.336220e-07  6.743447e-04 
 1.346220e-07  6.743380e-04 
 1.356220e-07  6.743312e-04 
 1.366220e-07  6.743245e-04 
 1.376220e-07  6.743177e-04 
 1.386220e-07  6.743110e-04 
 1.396220e-07  6.743042e-04 
 1.406220e-07  6.742975e-04 
 1.416220e-07  6.742908e-04 
 1.426220e-07  6.742840e-04 
 1.436220e-07  6.742773e-04 
 1.446220e-07  6.742705e-04 
 1.456220e-07  6.742638e-04 
 1.466220e-07  6.742570e-04 
 1.476220e-07  6.742503e-04 
 1.486220e-07  6.742436e-04 
 1.496220e-07  6.742368e-04 
 1.506220e-07  6.742301e-04 
 1.516220e-07  6.742233e-04 
 1.526220e-07  6.742166e-04 
 1.536220e-07  6.742098e-04 
 1.546220e-07  6.742031e-04 
 1.556220e-07  6.741964e-04 
 1.566220e-07  6.741896e-04 
 1.576220e-07  6.607935e-04 
 1.586220e-07  6.263899e-04 
 1.594279e-07  5.986619e-04 
 1.602943e-07  5.688556e-04 
 1.612943e-07  5.344529e-04 
 1.622943e-07  5.000506e-04 
 1.632943e-07  4.656487e-04 
 1.642943e-07  4.312471e-04 
 1.652943e-07  3.968458e-04 
 1.662943e-07  3.624449e-04 
 1.672943e-07  3.280443e-04 
 1.682943e-07  2.936441e-04 
 1.692943e-07  2.592442e-04 
 1.702943e-07  2.248447e-04 
 1.712943e-07  1.904455e-04 
 1.722943e-07  1.560466e-04 
 1.732943e-07  1.216481e-04 
 1.742943e-07  8.724997e-05 
 1.752943e-07  5.285215e-05 
 1.762943e-07  1.845468e-05 
 1.772943e-07 -1.594245e-05 
 1.782943e-07 -5.033924e-05 
 1.792943e-07 -8.473568e-05 
 1.802943e-07 -1.191318e-04 
 1.812943e-07 -1.535275e-04 
 1.822943e-07 -1.879230e-04 
 1.832943e-07 -2.223180e-04 
 1.842943e-07 -2.567127e-04 
 1.852943e-07 -2.911071e-04 
 1.862943e-07 -3.255012e-04 
 1.872943e-07 -3.598948e-04 
 1.882943e-07 -3.942882e-04 
 1.892943e-07 -4.286812e-04 
 1.902943e-07 -4.630739e-04 
 1.912943e-07 -4.974662e-04 
 1.922943e-07 -5.318581e-04 
 1.932943e-07 -5.662498e-04 
 1.942943e-07 -6.006411e-04 
 1.952943e-07 -6.350320e-04 
 1.962943e-07 -6.694226e-04 
 1.967457e-07 -6.638103e-04 
 1.973955e-07 -6.191031e-04 
 1.977284e-07 -5.961976e-04 
 1.981706e-07 -5.657737e-04 
 1.990551e-07 -5.049262e-04 
 2.000551e-07 -4.361273e-04 
 2.010551e-07 -3.673290e-04 
 2.020551e-07 -2.985314e-04 
 2.030551e-07 -2.297346e-04 
 2.040551e-07 -1.609384e-04 
 2.050551e-07 -9.214287e-05 
 2.060551e-07 -2.334806e-05 
 2.070551e-07  4.544607e-05 
 2.080551e-07  1.142395e-04 
 2.090551e-07  1.830323e-04 
 2.100551e-07  2.518243e-04 
 2.110551e-07  3.206157e-04 
 2.120551e-07  3.894064e-04 
 2.130551e-07  4.581964e-04 
 2.140551e-07  5.269857e-04 
 2.150551e-07  5.957743e-04 
 2.160551e-07  6.645623e-04 
 2.170551e-07  7.333495e-04 
 2.180551e-07  8.021361e-04 
 2.190551e-07  8.709219e-04 
 2.200551e-07  9.397071e-04 
 2.210551e-07  1.008492e-03 
 2.220551e-07  1.077275e-03 
 2.230551e-07  1.146059e-03 
 2.240551e-07  1.214841e-03 
 2.250551e-07  1.283623e-03 
 2.260551e-07  1.352404e-03 
 2.270551e-07  1.421184e-03 
 2.280551e-07  1.489964e-03 
 2.290551e-07  1.558743e-03 
 2.300551e-07  1.627521e-03 
 2.310551e-07  1.696299e-03 
 2.320551e-07  1.765076e-03 
 2.330551e-07  1.833852e-03 
 2.340551e-07  1.902627e-03 
 2.350551e-07  1.971402e-03 
 2.360551e-07  2.031319e-03 
 2.370551e-07  2.057097e-03 
 2.378229e-07  2.076888e-03 
 2.386628e-07  2.098540e-03 
 2.396628e-07  2.124316e-03 
 2.406628e-07  2.150093e-03 
 2.416628e-07  2.175869e-03 
 2.426628e-07  2.201645e-03 
 2.436628e-07  2.227421e-03 
 2.446628e-07  2.253196e-03 
 2.456628e-07  2.278971e-03 
 2.466628e-07  2.304746e-03 
 2.476628e-07  2.330521e-03 
 2.486628e-07  2.356295e-03 
 2.496628e-07  2.382070e-03 
 2.506628e-07  2.407843e-03 
 2.516628e-07  2.433617e-03 
 2.526628e-07  2.459390e-03 
 2.536628e-07  2.485164e-03 
 2.546628e-07  2.510936e-03 
 2.556628e-07  2.536709e-03 
 2.566628e-07  2.562481e-03 
 2.576628e-07  2.588253e-03 
 2.586628e-07  2.614025e-03 
 2.596628e-07  2.639797e-03 
 2.606628e-07  2.665568e-03 
 2.616628e-07  2.691339e-03 
 2.626628e-07  2.717110e-03 
 2.636628e-07  2.742881e-03 
 2.646628e-07  2.768651e-03 
 2.656628e-07  2.794421e-03 
 2.666628e-07  2.820191e-03 
 2.676628e-07  2.845960e-03 
 2.686628e-07  2.871729e-03 
 2.696628e-07  2.897498e-03 
 2.706628e-07  2.923267e-03 
 2.716628e-07  2.949036e-03 
 2.726628e-07  2.974804e-03 
 2.736628e-07  3.000572e-03 
 2.746628e-07  3.026339e-03 
 2.756628e-07  3.043412e-03 
 2.766628e-07  3.051981e-03 
 2.776628e-07  3.060549e-03 
 2.786628e-07  3.069118e-03 
 2.796628e-07  3.077687e-03 
 2.806628e-07  3.086255e-03 
 2.816628e-07  3.094823e-03 
 2.826628e-07  3.103392e-03 
 2.836628e-07  3.111960e-03 
 2.846628e-07  3.120528e-03 
 2.856628e-07  3.129096e-03 
 2.866628e-07  3.137664e-03 
 2.876628e-07  3.146232e-03 
 2.886628e-07  3.154800e-03 
 2.896628e-07  3.163367e-03 
 2.906628e-07  3.171935e-03 
 2.916628e-07  3.180503e-03 
 2.926628e-07  3.189070e-03 
 2.936628e-07  3.197637e-03 
 2.946628e-07  3.206205e-03 
 2.956628e-07  3.214772e-03 
 2.966628e-07  3.223339e-03 
 2.976628e-07  3.231906e-03 
 2.986628e-07  3.240473e-03 
 2.996628e-07  3.249040e-03 
 3.006628e-07  3.257606e-03 
 3.016628e-07  3.266173e-03 
 3.026628e-07  3.274740e-03 
 3.036628e-07  3.283306e-03 
 3.046628e-07  3.291872e-03 
 3.056628e-07  3.300439e-03 
 3.066628e-07  3.309005e-03 
 3.076628e-07  3.317571e-03 
 3.086628e-07  3.326137e-03 
 3.096628e-07  3.334703e-03 
 3.106628e-07  3.343269e-03 
 3.116628e-07  3.351835e-03 
 3.126628e-07  3.360401e-03 
 3.136628e-07  3.368966e-03 
 3.146628e-07  3.362255e-03 
 3.152624e-07  3.320988e-03 
 3.157187e-07  3.289577e-03 
 3.162258e-07  3.254680e-03 
 3.172258e-07  3.185854e-03 
 3.182258e-07  3.117028e-03 
 3.192258e-07  3.048203e-03 
 3.202258e-07  2.979379e-03 
 3.212258e-07  2.910555e-03 
 3.222258e-07  2.841732e-03 
 3.232258e-07  2.772910e-03 
 3.242258e-07  2.704088e-03 
 3.252258e-07  2.635267e-03 
 3.262258e-07  2.566447e-03 
 3.272258e-07  2.497627e-03 
 3.282258e-07  2.428808e-03 
 3.292258e-07  2.359990e-03 
 3.302258e-07  2.291173e-03 
 3.312258e-07  2.222356e-03 
 3.322258e-07  2.153540e-03 
 3.332258e-07  2.084724e-03 
 3.342258e-07  2.015910e-03 
 3.352258e-07  1.947096e-03 
 3.362258e-07  1.878282e-03 
 3.372258e-07  1.809470e-03 
 3.382258e-07  1.740658e-03 
 3.392258e-07  1.671846e-03 
 3.402258e-07  1.603036e-03 
 3.412258e-07  1.534226e-03 
 3.422258e-07  1.465417e-03 
 3.432258e-07  1.396608e-03 
 3.442258e-07  1.327800e-03 
 3.452258e-07  1.258993e-03 
 3.462258e-07  1.190187e-03 
 3.472258e-07  1.121381e-03 
 3.482258e-07  1.052576e-03 
 3.492258e-07  9.837712e-04 
 3.502258e-07  9.149675e-04 
 3.512258e-07  8.461644e-04 
 3.522258e-07  7.773621e-04 
 3.532258e-07  7.085604e-04 
 3.541079e-07  6.737421e-04 
 3.550781e-07  6.820789e-04 
 3.556454e-07  6.869529e-04 
 3.563359e-07  6.928863e-04 
 3.573359e-07  7.014787e-04 
 3.583359e-07  7.100709e-04 
 3.593359e-07  7.186630e-04 
 3.603359e-07  7.272551e-04 
 3.613359e-07  7.358470e-04 
 3.623359e-07  7.444389e-04 
 3.633359e-07  7.530307e-04 
 3.643359e-07  7.616224e-04 
 3.653359e-07  7.702140e-04 
 3.663359e-07  7.788056e-04 
 3.673359e-07  7.873970e-04 
 3.683359e-07  7.959884e-04 
 3.693359e-07  8.045796e-04 
 3.703359e-07  8.131708e-04 
 3.713359e-07  8.217619e-04 
 3.723359e-07  8.303530e-04 
 3.733359e-07  8.389439e-04 
 3.743359e-07  8.475347e-04 
 3.753359e-07  8.561255e-04 
 3.763359e-07  8.647162e-04 
 3.773359e-07  8.733068e-04 
 3.783359e-07  8.818973e-04 
 3.793359e-07  8.904877e-04 
 3.803359e-07  8.990780e-04 
 3.813359e-07  9.076683e-04 
 3.823359e-07  9.162584e-04 
 3.833359e-07  9.248485e-04 
 3.843359e-07  9.334385e-04 
 3.853359e-07  9.420284e-04 
 3.863359e-07  9.506182e-04 
 3.873359e-07  9.592079e-04 
 3.883359e-07  9.677976e-04 
 3.893359e-07  9.763871e-04 
 3.903359e-07  9.849766e-04 
 3.913359e-07  9.935660e-04 
 3.923359e-07  1.002155e-03 
 3.931130e-07  1.012059e-03 
 3.934851e-07  1.053651e-03 
 3.937984e-07  1.088666e-03 
 3.941468e-07  1.127611e-03 
 3.948436e-07  1.205501e-03 
 3.958436e-07  1.317279e-03 
 3.968436e-07  1.429056e-03 
 3.978436e-07  1.540832e-03 
 3.988436e-07  1.652607e-03 
 3.998436e-07  1.764380e-03 
 4.008436e-07  1.876153e-03 
 4.018436e-07  1.987924e-03 
 4.028436e-07  2.099694e-03 
 4.038436e-07  2.211463e-03 
 4.048436e-07  2.323231e-03 
 4.058436e-07  2.434998e-03 
 4.068436e-07  2.546764e-03 
 4.078436e-07  2.658528e-03 
 4.088436e-07  2.770292e-03 
 4.098436e-07  2.882054e-03 
 4.108436e-07  2.993815e-03 
 4.118436e-07  3.105576e-03 
 4.128436e-07  3.217335e-03 
 4.138436e-07  3.329093e-03 
 4.148436e-07  3.440849e-03 
 4.158436e-07  3.552605e-03 
 4.168436e-07  3.664360e-03 
 4.178436e-07  3.776113e-03 
 4.188436e-07  3.887865e-03 
 4.198436e-07  3.999616e-03 
 4.208436e-07  4.111367e-03 
 4.218436e-07  4.223116e-03 
 4.228436e-07  4.334863e-03 
 4.238436e-07  4.446610e-03 
 4.248436e-07  4.558356e-03 
 4.258436e-07  4.670100e-03 
 4.268436e-07  4.781844e-03 
 4.278436e-07  4.893586e-03 
 4.288436e-07  5.005327e-03 
 4.298436e-07  5.117067e-03 
 4.308436e-07  5.228806e-03 
 4.318436e-07  5.340544e-03 
 4.325459e-07  5.388169e-03 
 4.331083e-07  5.339776e-03 
 4.334731e-07  5.308383e-03 
 4.338949e-07  5.272088e-03 
 4.347386e-07  5.199497e-03 
 4.357386e-07  5.113453e-03 
 4.367386e-07  5.027409e-03 
 4.377386e-07  4.941367e-03 
 4.387386e-07  4.855325e-03 
 4.397386e-07  4.769284e-03 
 4.407386e-07  4.683244e-03 
 4.417386e-07  4.597205e-03 
 4.427386e-07  4.511166e-03 
 4.437386e-07  4.425129e-03 
 4.447386e-07  4.339092e-03 
 4.457386e-07  4.253056e-03 
 4.467386e-07  4.167022e-03 
 4.477386e-07  4.080988e-03 
 4.487386e-07  3.994954e-03 
 4.497386e-07  3.908922e-03 
 4.507386e-07  3.822891e-03 
 4.517386e-07  3.736860e-03 
 4.527386e-07  3.650830e-03 
 4.537386e-07  3.564801e-03 
 4.547386e-07  3.478773e-03 
 4.557386e-07  3.392746e-03 
 4.567386e-07  3.306720e-03 
 4.577386e-07  3.220694e-03 
 4.587386e-07  3.134670e-03 
 4.597386e-07  3.048646e-03 
 4.607386e-07  2.962623e-03 
 4.617386e-07  2.876601e-03 
 4.627386e-07  2.790580e-03 
 4.637386e-07  2.704560e-03 
 4.647386e-07  2.618541e-03 
 4.657386e-07  2.532522e-03 
 4.667386e-07  2.446504e-03 
 4.677386e-07  2.360487e-03 
 4.687386e-07  2.274471e-03 
 4.697386e-07  2.188456e-03 
 4.707386e-07  2.102442e-03 
 4.717386e-07  2.021300e-03 
 4.722925e-07  2.040341e-03 
 4.727353e-07  2.055563e-03 
 4.732278e-07  2.072494e-03 
 4.742128e-07  2.106355e-03 
 4.752128e-07  2.140731e-03 
 4.762128e-07  2.175106e-03 
 4.772128e-07  2.209481e-03 
 4.782128e-07  2.243856e-03 
 4.792128e-07  2.278231e-03 
 4.802128e-07  2.312605e-03 
 4.812128e-07  2.346979e-03 
 4.822128e-07  2.381352e-03 
 4.832128e-07  2.415725e-03 
 4.842128e-07  2.450098e-03 
 4.852128e-07  2.484471e-03 
 4.862128e-07  2.518843e-03 
 4.872128e-07  2.553214e-03 
 4.882128e-07  2.587586e-03 
 4.892128e-07  2.621957e-03 
 4.902128e-07  2.656328e-03 
 4.912128e-07  2.690698e-03 
 4.922128e-07  2.725068e-03 
 4.932128e-07  2.759438e-03 
 4.942128e-07  2.793807e-03 
 4.952128e-07  2.828176e-03 
 4.962128e-07  2.862545e-03 
 4.972128e-07  2.896913e-03 
 4.982128e-07  2.931281e-03 
 4.992128e-07  2.965649e-03 
 5.002128e-07  3.000016e-03 
 5.012128e-07  3.034383e-03 
 5.022128e-07  3.068750e-03 
 5.032128e-07  3.103116e-03 
 5.042128e-07  3.137482e-03 
 5.052128e-07  3.171847e-03 
 5.062128e-07  3.206213e-03 
 5.072128e-07  3.240577e-03 
 5.082128e-07  3.274942e-03 
 5.092128e-07  3.309306e-03 
 5.102128e-07  3.343670e-03 
 5.112128e-07  3.374482e-03 
 5.122128e-07  3.391647e-03 
 5.132128e-07  3.408811e-03 
 5.142128e-07  3.425976e-03 
 5.152128e-07  3.443140e-03 
 5.162128e-07  3.460304e-03 
 5.172128e-07  3.477468e-03 
 5.182128e-07  3.494632e-03 
 5.192128e-07  3.511795e-03 
 5.202128e-07  3.528958e-03 
 5.212128e-07  3.546122e-03 
 5.222128e-07  3.563285e-03 
 5.232128e-07  3.580448e-03 
 5.242128e-07  3.597610e-03 
 5.252128e-07  3.614773e-03 
 5.262128e-07  3.631935e-03 
 5.272128e-07  3.649097e-03 
 5.282128e-07  3.666259e-03 
 5.292128e-07  3.683421e-03 
 5.302128e-07  3.700583e-03 
 5.312128e-07  3.717744e-03 
 5.322128e-07  3.734905e-03 
 5.332128e-07  3.752066e-03 
 5.342128e-07  3.769227e-03 
 5.352128e-07  3.786388e-03 
 5.362128e-07  3.803549e-03 
 5.372128e-07  3.820709e-03 
 5.382128e-07  3.837870e-03 
 5.392128e-07  3.855030e-03 
 5.402128e-07  3.872190e-03 
 5.412128e-07  3.889349e-03 
 5.422128e-07  3.906509e-03 
 5.432128e-07  3.923668e-03 
 5.442128e-07  3.940828e-03 
 5.452128e-07  3.957987e-03 
 5.462128e-07  3.975145e-03 
 5.472128e-07  3.992304e-03 
 5.482128e-07  4.009463e-03 
 5.492128e-07  4.026621e-03 
 5.502128e-07  4.043779e-03 
 5.512128e-07  4.060937e-03 
 5.522128e-07  4.078095e-03 
 5.532128e-07  4.095253e-03 
 5.542128e-07  4.112410e-03 
 5.552128e-07  4.129568e-03 
 5.562128e-07  4.146725e-03 
 5.572128e-07  4.163882e-03 
 5.582128e-07  4.181039e-03 
 5.592128e-07  4.198195e-03 
 5.602128e-07  4.215352e-03 
 5.612128e-07  4.232508e-03 
 5.622128e-07  4.249664e-03 
 5.632128e-07  4.266820e-03 
 5.642128e-07  4.283976e-03 
 5.652128e-07  4.301132e-03 
 5.662128e-07  4.318287e-03 
 5.672128e-07  4.335443e-03 
 5.682128e-07  4.352598e-03 
 5.692128e-07  4.369753e-03 
 5.702128e-07  4.386907e-03 
 5.712128e-07  4.404062e-03 
 5.722128e-07  4.421216e-03 
 5.732128e-07  4.438371e-03 
 5.742128e-07  4.455525e-03 
 5.752128e-07  4.472679e-03 
 5.762128e-07  4.489833e-03 
 5.772128e-07  4.506986e-03 
 5.782128e-07  4.524139e-03 
 5.792128e-07  4.541293e-03 
 5.802128e-07  4.558446e-03 
 5.812128e-07  4.575599e-03 
 5.822128e-07  4.592751e-03 
 5.832128e-07  4.609904e-03 
 5.842128e-07  4.627056e-03 
 5.852128e-07  4.644209e-03 
 5.862128e-07  4.661361e-03 
 5.872128e-07  4.678512e-03 
 5.882128e-07  4.695664e-03 
 5.892128e-07  4.712816e-03 
 5.900272e-07  4.702431e-03 
 5.908264e-07  4.668030e-03 
 5.914869e-07  4.639602e-03 
 5.921352e-07  4.611697e-03 
 5.931352e-07  4.568654e-03 
 5.941352e-07  4.525612e-03 
 5.951352e-07  4.482571e-03 
 5.961352e-07  4.439530e-03 
 5.971352e-07  4.396489e-03 
 5.981352e-07  4.353449e-03 
 5.991352e-07  4.310410e-03 
 6.001352e-07  4.267370e-03 
 6.011352e-07  4.224331e-03 
 6.021352e-07  4.181293e-03 
 6.031352e-07  4.138255e-03 
 6.041352e-07  4.095217e-03 
 6.051352e-07  4.052180e-03 
 6.061352e-07  4.009144e-03 
 6.071352e-07  3.966107e-03 
 6.081352e-07  3.923071e-03 
 6.091352e-07  3.880036e-03 
 6.101352e-07  3.837001e-03 
 6.111352e-07  3.793967e-03 
 6.121352e-07  3.750932e-03 
 6.131352e-07  3.707899e-03 
 6.141352e-07  3.664865e-03 
 6.151352e-07  3.621833e-03 
 6.161352e-07  3.578800e-03 
 6.171352e-07  3.535768e-03 
 6.181352e-07  3.492737e-03 
 6.191352e-07  3.449706e-03 
 6.201352e-07  3.406675e-03 
 6.211352e-07  3.363645e-03 
 6.221352e-07  3.320615e-03 
 6.231352e-07  3.277585e-03 
 6.241352e-07  3.234557e-03 
 6.251352e-07  3.191528e-03 
 6.261352e-07  3.148500e-03 
 6.271352e-07  3.105472e-03 
 6.281352e-07  3.062445e-03 
 6.289710e-07  3.031663e-03 
 6.293700e-07  3.065966e-03 
 6.296752e-07  3.092205e-03 
 6.300116e-07  3.121119e-03 
 6.306843e-07  3.178946e-03 
 6.316843e-07  3.264907e-03 
 6.326843e-07  3.350866e-03 
 6.336843e-07  3.436825e-03 
 6.346843e-07  3.522783e-03 
 6.356843e-07  3.608740e-03 
 6.366843e-07  3.694697e-03 
 6.376843e-07  3.780652e-03 
 6.386843e-07  3.866607e-03 
 6.396843e-07  3.952560e-03 
 6.406843e-07  4.038513e-03 
 6.416843e-07  4.124465e-03 
 6.426843e-07  4.210416e-03 
 6.436843e-07  4.296367e-03 
 6.446843e-07  4.382316e-03 
 6.456843e-07  4.468265e-03 
 6.466843e-07  4.554212e-03 
 6.476843e-07  4.640159e-03 
 6.486843e-07  4.726105e-03 
 6.496843e-07  4.812050e-03 
 6.506843e-07  4.897994e-03 
 6.516843e-07  4.983938e-03 
 6.526843e-07  5.069880e-03 
 6.536843e-07  5.155822e-03 
 6.546843e-07  5.241763e-03 
 6.556843e-07  5.327703e-03 
 6.566843e-07  5.413642e-03 
 6.576843e-07  5.499580e-03 
 6.586843e-07  5.585517e-03 
 6.596843e-07  5.671454e-03 
 6.606843e-07  5.757390e-03 
 6.616843e-07  5.843324e-03 
 6.626843e-07  5.929258e-03 
 6.636843e-07  6.015191e-03 
 6.646843e-07  6.101124e-03 
 6.656843e-07  6.187055e-03 
 6.666843e-07  6.272985e-03 
 6.676843e-07  6.358915e-03 
 6.686843e-07  6.421867e-03 
 6.696843e-07  6.456200e-03 
 6.706843e-07  6.490532e-03 
 6.716323e-07  6.523079e-03 
 6.726323e-07  6.557411e-03 
 6.736323e-07  6.591742e-03 
 6.746323e-07  6.626073e-03 
 6.756323e-07  6.660404e-03 
 6.766323e-07  6.694734e-03 
 6.776323e-07  6.729064e-03 
 6.786323e-07  6.763394e-03 
 6.796323e-07  6.797723e-03 
 6.806323e-07  6.832052e-03 
 6.816323e-07  6.866381e-03 
 6.826323e-07  6.900709e-03 
 6.836323e-07  6.935037e-03 
 6.846323e-07  6.969365e-03 
 6.856323e-07  7.003692e-03 
 6.866323e-07  7.038019e-03 
 6.876323e-07  7.072346e-03 
 6.886323e-07  7.106672e-03 
 6.896323e-07  7.140998e-03 
 6.906323e-07  7.175323e-03 
 6.916323e-07  7.209648e-03 
 6.926323e-07  7.243973e-03 
 6.936323e-07  7.278298e-03 
 6.946323e-07  7.312622e-03 
 6.956323e-07  7.346946e-03 
 6.966323e-07  7.381269e-03 
 6.976323e-07  7.415592e-03 
 6.986323e-07  7.449915e-03 
 6.996323e-07  7.484238e-03 
 7.006323e-07  7.518560e-03 
 7.016323e-07  7.552881e-03 
 7.026323e-07  7.587203e-03 
 7.036323e-07  7.621524e-03 
 7.046323e-07  7.655845e-03 
 7.056323e-07  7.690165e-03 
 7.066323e-07  7.724485e-03 
 7.076323e-07  7.758805e-03 
 7.086323e-07  7.793124e-03 
 7.096323e-07  7.827443e-03 
 7.106323e-07  7.861762e-03 
 7.116323e-07  7.896080e-03 
 7.126323e-07  7.930398e-03 
 7.136323e-07  7.964716e-03 
 7.146323e-07  7.999033e-03 
 7.156323e-07  8.033350e-03 
 7.166323e-07  8.067667e-03 
 7.176323e-07  8.101983e-03 
 7.186323e-07  8.136299e-03 
 7.196323e-07  8.170615e-03 
 7.206323e-07  8.204930e-03 
 7.216323e-07  8.239245e-03 
 7.226323e-07  8.273559e-03 
 7.236323e-07  8.307873e-03 
 7.246323e-07  8.342187e-03 
 7.256323e-07  8.376501e-03 
 7.266323e-07  8.410814e-03 
 7.276323e-07  8.445127e-03 
 7.286323e-07  8.479439e-03 
 7.296323e-07  8.513751e-03 
 7.306323e-07  8.548063e-03 
 7.316323e-07  8.582375e-03 
 7.326323e-07  8.616686e-03 
 7.336323e-07  8.650997e-03 
 7.346323e-07  8.685307e-03 
 7.356323e-07  8.719617e-03 
 7.366323e-07  8.753927e-03 
 7.376323e-07  8.788236e-03 
 7.386323e-07  8.822545e-03 
 7.396323e-07  8.856854e-03 
 7.406323e-07  8.891163e-03 
 7.416323e-07  8.925471e-03 
 7.426323e-07  8.959778e-03 
 7.436323e-07  8.994086e-03 
 7.446323e-07  9.028393e-03 
 7.456323e-07  9.062699e-03 
 7.466323e-07  9.097006e-03 
 7.474404e-07  9.164973e-03 
 7.481993e-07  9.243217e-03 
 7.490508e-07  9.331007e-03 
 7.500475e-07  9.433759e-03 
 7.510475e-07  9.536855e-03 
 7.520475e-07  9.639951e-03 
 7.530475e-07  9.743045e-03 
 7.540475e-07  9.846139e-03 
 7.550475e-07  9.949231e-03 
 7.560475e-07  1.005232e-02 
 7.570475e-07  1.015541e-02 
 7.580475e-07  1.025850e-02 
 7.590475e-07  1.036159e-02 
 7.600475e-07  1.046468e-02 
 7.610475e-07  1.056776e-02 
 7.620475e-07  1.067085e-02 
 7.630475e-07  1.077393e-02 
 7.640475e-07  1.087702e-02 
 7.650475e-07  1.098010e-02 
 7.660475e-07  1.108318e-02 
 7.670475e-07  1.118626e-02 
 7.680475e-07  1.128934e-02 
 7.690475e-07  1.139242e-02 
 7.700475e-07  1.149549e-02 
 7.710475e-07  1.159857e-02 
 7.720475e-07  1.170164e-02 
 7.730475e-07  1.180472e-02 
 7.740475e-07  1.190779e-02 
 7.750475e-07  1.201086e-02 
 7.760475e-07  1.211393e-02 
 7.770475e-07  1.221700e-02 
 7.780475e-07  1.232007e-02 
 7.790475e-07  1.242314e-02 
 7.800475e-07  1.252621e-02 
 7.810475e-07  1.262927e-02 
 7.820475e-07  1.273234e-02 
 7.830475e-07  1.283540e-02 
 7.840475e-07  1.293846e-02 
 7.850475e-07  1.304152e-02 
 7.860475e-07  1.314458e-02 
 7.866671e-07  1.314782e-02 
 7.873453e-07  1.313606e-02 
 7.879608e-07  1.312540e-02 
 7.888784e-07  1.310950e-02 
 7.898784e-07  1.309217e-02 
 7.908784e-07  1.307484e-02 
 7.918784e-07  1.305751e-02 
 7.928784e-07  1.304018e-02 
 7.938784e-07  1.302285e-02 
 7.948784e-07  1.300552e-02 
 7.958784e-07  1.298819e-02 
 7.968784e-07  1.297087e-02 
 7.978784e-07  1.295354e-02 
 7.988784e-07  1.293621e-02 
 7.998784e-07  1.291888e-02 
 8.008784e-07  1.290155e-02 
 8.018784e-07  1.288423e-02 
 8.028784e-07  1.286690e-02 
 8.038784e-07  1.284957e-02 
 8.048784e-07  1.283224e-02 
 8.058784e-07  1.281492e-02 
 8.068784e-07  1.279759e-02 
 8.078784e-07  1.278026e-02 
 8.088784e-07  1.276294e-02 
 8.098784e-07  1.274561e-02 
 8.108784e-07  1.272829e-02 
 8.118784e-07  1.271096e-02 
 8.128784e-07  1.269363e-02 
 8.138784e-07  1.267631e-02 
 8.148784e-07  1.265898e-02 
 8.158784e-07  1.264166e-02 
 8.168784e-07  1.262433e-02 
 8.178784e-07  1.260701e-02 
 8.188784e-07  1.258969e-02 
 8.198784e-07  1.257236e-02 
 8.208784e-07  1.255504e-02 
 8.218784e-07  1.253771e-02 
 8.228784e-07  1.252039e-02 
 8.238784e-07  1.250306e-02 
 8.248784e-07  1.248574e-02 
 8.258784e-07  1.245093e-02 
 8.268784e-07  1.239061e-02 
 8.278784e-07  1.233029e-02 
 8.288322e-07  1.227276e-02 
 8.298322e-07  1.221244e-02 
 8.308322e-07  1.215213e-02 
 8.318322e-07  1.209181e-02 
 8.328322e-07  1.203149e-02 
 8.338322e-07  1.197118e-02 
 8.348322e-07  1.191086e-02 
 8.358322e-07  1.185055e-02 
 8.368322e-07  1.179024e-02 
 8.378322e-07  1.172993e-02 
 8.388322e-07  1.166961e-02 
 8.398322e-07  1.160930e-02 
 8.408322e-07  1.154899e-02 
 8.418322e-07  1.148868e-02 
 8.428322e-07  1.142837e-02 
 8.438322e-07  1.136806e-02 
 8.448322e-07  1.130775e-02 
 8.458322e-07  1.124745e-02 
 8.468322e-07  1.118714e-02 
 8.478322e-07  1.112683e-02 
 8.488322e-07  1.106653e-02 
 8.498322e-07  1.100622e-02 
 8.508322e-07  1.094592e-02 
 8.518322e-07  1.088561e-02 
 8.528322e-07  1.082531e-02 
 8.538322e-07  1.076501e-02 
 8.548322e-07  1.070470e-02 
 8.558322e-07  1.064440e-02 
 8.568322e-07  1.058410e-02 
 8.578322e-07  1.052380e-02 
 8.588322e-07  1.046350e-02 
 8.598322e-07  1.040320e-02 
 8.608322e-07  1.034290e-02 
 8.618322e-07  1.028260e-02 
 8.628322e-07  1.022231e-02 
 8.638322e-07  1.016201e-02 
 8.648322e-07  1.010892e-02 
 8.653158e-07  1.014630e-02 
 8.656850e-07  1.017483e-02 
 8.660666e-07  1.020432e-02 
 8.668298e-07  1.026331e-02 
 8.678298e-07  1.034060e-02 
 8.688298e-07  1.041789e-02 
 8.698298e-07  1.049518e-02 
 8.708298e-07  1.057247e-02 
 8.718298e-07  1.064976e-02 
 8.728298e-07  1.072705e-02 
 8.738298e-07  1.080433e-02 
 8.748298e-07  1.088162e-02 
 8.758298e-07  1.095890e-02 
 8.768298e-07  1.103618e-02 
 8.778298e-07  1.111347e-02 
 8.788298e-07  1.119075e-02 
 8.798298e-07  1.126803e-02 
 8.808298e-07  1.134531e-02 
 8.818298e-07  1.142259e-02 
 8.828298e-07  1.149987e-02 
 8.838298e-07  1.157715e-02 
 8.848298e-07  1.165442e-02 
 8.858298e-07  1.173170e-02 
 8.868298e-07  1.180898e-02 
 8.878298e-07  1.188625e-02 
 8.888298e-07  1.196353e-02 
 8.898298e-07  1.204080e-02 
 8.908298e-07  1.211807e-02 
 8.918298e-07  1.219534e-02 
 8.928298e-07  1.227262e-02 
 8.938298e-07  1.234989e-02 
 8.948298e-07  1.242716e-02 
 8.958298e-07  1.250442e-02 
 8.968298e-07  1.258169e-02 
 8.978298e-07  1.265896e-02 
 8.988298e-07  1.273623e-02 
 8.998298e-07  1.281349e-02 
 9.008298e-07  1.289076e-02 
 9.018298e-07  1.296802e-02 
 9.028298e-07  1.304529e-02 
 9.038298e-07  1.312255e-02 
 9.046886e-07  1.314242e-02 
 9.055120e-07  1.314231e-02 
 9.064686e-07  1.314219e-02 
 9.074686e-07  1.314206e-02 
 9.084686e-07  1.314193e-02 
 9.094686e-07  1.314179e-02 
 9.104686e-07  1.314166e-02 
 9.114686e-07  1.314153e-02 
 9.124686e-07  1.314140e-02 
 9.134686e-07  1.314127e-02 
 9.144686e-07  1.314114e-02 
 9.154686e-07  1.314101e-02 
 9.164686e-07  1.314087e-02 
 9.174686e-07  1.314074e-02 
 9.184686e-07  1.314061e-02 
 9.194686e-07  1.314048e-02 
 9.204686e-07  1.314035e-02 
 9.214686e-07  1.314022e-02 
 9.224686e-07  1.314009e-02 
 9.234686e-07  1.313995e-02 
 9.244686e-07  1.313982e-02 
 9.254686e-07  1.313969e-02 
 9.264686e-07  1.313956e-02 
 9.274686e-07  1.313943e-02 
 9.284686e-07  1.313930e-02 
 9.294686e-07  1.313917e-02 
 9.304686e-07  1.313903e-02 
 9.314686e-07  1.313890e-02 
 9.324686e-07  1.313877e-02 
 9.334686e-07  1.313864e-02 
 9.344686e-07  1.313851e-02 
 9.354686e-07  1.313838e-02 
 9.364686e-07  1.313825e-02 
 9.374686e-07  1.313811e-02 
 9.384686e-07  1.313798e-02 
 9.394686e-07  1.313785e-02 
 9.404686e-07  1.313772e-02 
 9.414686e-07  1.313759e-02 
 9.424686e-07  1.313746e-02 
 9.434686e-07  1.314106e-02 
 9.444686e-07  1.319252e-02 
 9.452538e-07  1.323294e-02 
 9.460204e-07  1.327238e-02 
 9.470204e-07  1.332385e-02 
 9.480204e-07  1.337531e-02 
 9.490204e-07  1.342677e-02 
 9.500204e-07  1.347823e-02 
 9.510204e-07  1.352969e-02 
 9.520204e-07  1.358115e-02 
 9.530204e-07  1.363261e-02 
 9.540204e-07  1.368407e-02 
 9.550204e-07  1.373553e-02 
 9.560204e-07  1.378699e-02 
 9.570204e-07  1.383845e-02 
 9.580204e-07  1.388990e-02 
 9.590204e-07  1.394136e-02 
 9.600204e-07  1.399282e-02 
 9.610204e-07  1.404427e-02 
 9.620204e-07  1.409573e-02 
 9.630204e-07  1.414718e-02 
 9.640204e-07  1.419863e-02 
 9.650204e-07  1.425009e-02 
 9.660204e-07  1.430154e-02 
 9.670204e-07  1.435299e-02 
 9.680204e-07  1.440444e-02 
 9.690204e-07  1.445590e-02 
 9.700204e-07  1.450735e-02 
 9.710204e-07  1.455880e-02 
 9.720204e-07  1.461025e-02 
 9.730204e-07  1.466170e-02 
 9.740204e-07  1.471315e-02 
 9.750204e-07  1.476459e-02 
 9.760204e-07  1.481604e-02 
 9.770204e-07  1.486749e-02 
 9.780204e-07  1.491894e-02 
 9.790204e-07  1.497038e-02 
 9.800204e-07  1.502183e-02 
 9.810204e-07  1.507327e-02 
 9.820204e-07  1.512472e-02 
 9.830204e-07  1.517616e-02 
 9.840204e-07  1.522760e-02 
 9.850204e-07  1.527905e-02 
 9.860204e-07  1.533049e-02 
 9.870204e-07  1.538193e-02 
 9.880204e-07  1.543337e-02 
 9.890204e-07  1.548482e-02 
 9.900204e-07  1.553626e-02 
 9.910204e-07  1.558770e-02 
 9.920204e-07  1.563914e-02 
 9.930204e-07  1.569057e-02 
 9.940204e-07  1.574201e-02 
 9.950204e-07  1.579345e-02 
 9.960204e-07  1.584489e-02 
 9.970204e-07  1.589633e-02 
 9.980204e-07  1.594776e-02 
 9.990204e-07  1.599920e-02 
 1.000000e-06  1.604959e-02 
